[app/ui]
version = 9.1.0.2
modtime = 1692694007.247367000

[app/launcher]
version = 9.1.0.2
modtime = 1692694007.248410000
